457 307
389 39
0 444
387 442
47 291
6 338
227 470
179 497
378 111
153 11
190 382
445 246
366 212
305 247
101 188
290 388
81 163
454 60
80 111
66 258
169 477
322 453
133 258
130 113
105 167
0 373
110 76
302 255
344 477
154 141
86 160
356 233
336 372
99 380
421 315
74 479
429 144
305 47
360 201
464 129
44 499
149 298
432 421
263 119
253 9
262 65
88 242
244 403
248 74
43 17
231 150
428 222
136 481
197 401
64 270
100 231
93 383
389 258
194 406
19 391
389 53
316 71
261 218
301 43
370 383
26 112
34 48
421 280
220 442
299 343
212 403
67 11
486 237
168 219
435 425
247 390
171 381
410 14
25 398
51 89
200 449
288 239
76 478
339 155
0 209
283 236
331 428
208 302
264 270
300 136
97 346
458 319
11 96
367 370
445 96
449 61
120 124
208 129
72 259
456 88
330 314
448 237
183 238
434 123
150 208
396 301
37 99
444 218
342 451
64 307
166 486
460 314
278 213
235 338
341 448
68 33
436 319
273 475
229 13
387 230
486 247
480 82
178 137
234 32
299 281
295 241
63 347
408 108
469 194
455 142
174 65
47 244
454 337
145 416
462 498
452 148
111 145
497 430
277 83
177 478
306 198
438 46
154 11
472 188
228 89
200 197
499 129
339 175
185 172
20 23
310 150
37 102
284 24
294 92
86 284
258 127
419 298
389 13
232 356
164 264
273 198
256 13
435 293
4 256
304 39
357 257
445 177
105 68
480 238
98 265
297 310
242 16
483 290
17 116
495 276
137 98
466 498
477 280
196 55
58 314
66 405
431 327
457 10
265 56
196 221
481 420
186 378
408 281
180 312
26 167
105 61
419 290
29 152
176 493
150 434
314 475
38 489
455 426
133 22
9 391
153 198
447 218
386 257
438 240
115 226
361 251
371 59
55 183
90 369
39 349
487 324
115 286
244 280
456 143
14 246
139 496
199 281
353 433
176 370
333 133
251 136
47 16
133 322
125 490
214 150
109 437
370 76
127 277
457 182
444 203
74 110
103 241
269 3
290 489
432 94
279 428
156 185
192 233
39 96
355 230
328 104
296 284
171 414
178 257
84 357
203 396
467 473
458 237
440 107
16 456
48 412
318 234
203 199
318 44
95 35
215 75
387 136
410 366
348 209
362 486
416 44
352 276
30 39
269 24
18 415
239 69
402 260
21 303
307 14
138 23
183 430
72 20
354 473
263 418
407 76
139 170
16 244
132 464
25 436
162 13
131 207
166 245
154 468
74 266
270 273
43 484
121 265
102 307
98 38
91 427
474 385
441 304
336 186
452 41
410 354
344 238
321 23
353 115
212 18
485 390
217 276
178 150
10 253
66 480
292 319
437 463
182 484
374 475
194 496
169 415
142 25
152 397
48 11
237 386
418 270
321 125
314 181
53 430
133 109
57 166
405 9
51 14
278 310
130 19
423 463
200 313
9 406
432 484
105 396
345 312
124 352
375 106
459 260
33 469
149 322
409 278
92 255
213 281
4 256
59 425
399 383
385 61
44 426
280 394
305 108
469 458
315 192
11 408
244 341
414 96
388 182
475 49
420 416
114 182
334 432
433 267
304 208
116 312
156 426
260 81
442 7
443 281
115 437
71 428
54 426
258 106
13 145
411 55
463 26
110 199
390 442
249 9
305 20
438 238
396 421
387 198
110 278
89 377
448 373
14 282
340 120
358 251
179 321
64 373
97 103
313 345
306 188
305 163
179 105
219 46
20 246
207 192
16 337
271 26
42 484
246 22
229 143
17 352
32 455
388 189
422 108
241 6
195 475
224 129
404 418
62 35
286 170
138 225
291 8
233 372
35 361
495 264
395 311
376 150
33 491
210 304
165 160
195 63
487 427
242 130
370 153
60 168
290 129
174 441
331 90
152 324
84 354
76 345
411 49
135 97
421 251
190 189
92 406
162 391
159 346
339 126
147 229
421 182
361 237
252 98
371 242
326 29
338 402
480 439
37 205
73 119
459 147
7 65
81 1
119 139
270 190
242 155
77 49
231 296
299 140
213 314
292 106
134 104
17 33
338 212
305 368
31 175
119 416
23 296
187 126
21 39
120 54
496 214
114 338
136 313
404 137
377 211
248 267
235 370
363 99
148 170
51 423
374 347
103 269
15 46
366 403
67 455
244 218
124 371
272 78
464 125
177 294
90 248
457 408
480 375
484 22
465 452
66 179
15 10
209 232
182 124
309 103
472 88
175 461
198 329
